10
1  2  3  4  5  6  7  8  9  10
0  1  2  3  7  9  10 11 12 13
1  0  14 15 16 17 18 19 20 21
2  14 0  22 23 24 25 26 27 28
3  15 22 0  29 30 31 32 33 34
7  16 23 29 0  35 36 37 38 39
9  17 24 30 35 0  4  5  6  8
10 18 25 31 36 4  0  40 41 42
11 19 26 32 37 5  40 0  43 44
12 20 27 33 38 6  41 43 0  45
13 21 28 34 39 8  42 44 45 0
