10
1 2 3 4 5 6 7 8 9 10 
0 1 2 3 7 9 16 22 29 37
1 0 21 27 42 12 17 23 30 38
2 21 0 34 11 13 18 24 31 39
3 27 34 0 10 14 19 25 32 40
7 42 11 10 0 15 20 26 33 41
9 12 13 14 15 0 4 5 6 8
16 17 18 19 20 4 0 28 35 43
22 23 24 25 26 5 28 0 36 44
29 30 31 32 33 6 35 36 0 45
37 38 39 40 41 8 43 44 45 0
