10
1 2 3 4 5 6 7 8 9 10 
0 1 3 34 45 11 16 22 29 37
1 0 21 27 42 12 17 23 30 38
3 21 0 2 9 13 18 24 31 39
34 27 2 0 10 14 19 25 32 40
45 42 9 10 0 5 4 26 33 41
11 12 13 14 5 0 20 15 28 35
16 17 18 19 4 20 0 6 8 43
22 23 24 25 26 15 6 0 36 44
29 30 31 32 33 28 8 36 0 7
37 38 39 40 41 35 43 44 7 0
